# Created on 2025-06-14 19:41:44 
# Sources: obs\ac121600.25o.Z, nav/h\ac121600.25h.Z
# Satellite: S37 (PRN 137)
# Interval: 15.0
# Sampling interval: 0.0 (not used).
# Site: ac12
# Position (L, B, H): 200.410436, 54.8309619999, 84.4000651296
# Position (X, Y, Z): -3450876.6065, -1284085.0391, 5190636.4369
# datetime format: %Y-%m-%dT%H:%M:%S
# Columns: tsn, hour, el, az, tec.l1l2, tec.p1p2, validity
# (I11,1X,F14.11,1X,F10.5,1X,F11.5,1X,F21.3,1X,F10.3,1X,I7)
       1628  6.78333333333    0.78160   256.34180                 0.000      0.000   61809
       1629  6.78750000000    0.78166   256.34181                 0.000      0.000   61808
       1630  6.79166666667    0.78173   256.34183                 0.000      0.000   61808
       1631  6.79583333333    0.78180   256.34185                 0.000      0.000   61808
       1632  6.80000000000    0.78186   256.34186                 0.000      0.000   61808
       1633  6.80416666667    0.78193   256.34188                 0.000      0.000   61808
       1634  6.80833333333    0.78199   256.34190                 0.000      0.000   61808
       1635  6.81250000000    0.78206   256.34192                 0.000      0.000   61808
       1636  6.81666666667    0.78213   256.34193                 0.000      0.000   61808
       1637  6.82083333333    0.78219   256.34195                 0.000      0.000   61808
       1638  6.82500000000    0.78226   256.34197                 0.000      0.000   61808
       1639  6.82916666667    0.78232   256.34198                 0.000      0.000   61808
       1640  6.83333333333    0.78239   256.34200                 0.000      0.000   61808
       1641  6.83750000000    0.78246   256.34202                 0.000      0.000   61808
       1642  6.84166666667    0.78252   256.34204                 0.000      0.000   61808
       1643  6.84583333333    0.78259   256.34205                 0.000      0.000   61808
       1644  6.85000000000    0.78265   256.34207                 0.000      0.000   61808
       1645  6.85416666667    0.78272   256.34209                 0.000      0.000   61808
       1646  6.85833333333    0.78278   256.34211                 0.000      0.000   61808
       1647  6.86250000000    0.78285   256.34212                 0.000      0.000   61808
       1648  6.86666666667    0.78292   256.34214                 0.000      0.000   61808
       1649  6.87083333333    0.78298   256.34216                 0.000      0.000   61808
       1650  6.87500000000    0.78305   256.34218                 0.000      0.000   61808
       1651  6.87916666667    0.78311   256.34219                 0.000      0.000   61808
       1652  6.88333333333    0.78318   256.34221                 0.000      0.000   61808
       1653  6.88750000000    0.78324   256.34223                 0.000      0.000   61808
       1654  6.89166666667    0.78331   256.34225                 0.000      0.000   61808
       1655  6.89583333333    0.78337   256.34226                 0.000      0.000   61808
       1656  6.90000000000    0.78344   256.34228                 0.000      0.000   61808
       1657  6.90416666667    0.78351   256.34230                 0.000      0.000   61808
       1658  6.90833333333    0.78357   256.34232                 0.000      0.000   61808
       1659  6.91250000000    0.78364   256.34234                 0.000      0.000   61808
       1660  6.91666666667    0.78370   256.34235                 0.000      0.000   61808
       1661  6.92083333333    0.78377   256.34237                 0.000      0.000   61808
       1662  6.92500000000    0.78383   256.34239                 0.000      0.000   61808
       1663  6.92916666667    0.78390   256.34241                 0.000      0.000   61808
       1664  6.93333333333    0.78396   256.34243                 0.000      0.000   61808
       1665  6.93750000000    0.78403   256.34244                 0.000      0.000   61808
       1666  6.94166666667    0.78409   256.34246                 0.000      0.000   61808
       1667  6.94583333333    0.78416   256.34248                 0.000      0.000   61808
       1668  6.95000000000    0.78422   256.34250                 0.000      0.000   61808
       1669  6.95416666667    0.78429   256.34252                 0.000      0.000   61808
       1670  6.95833333333    0.78435   256.34253                 0.000      0.000   61808
       1671  6.96250000000    0.78442   256.34255                 0.000      0.000   61808
       1672  6.96666666667    0.78448   256.34257                 0.000      0.000   61808
       1673  6.97083333333    0.78455   256.34259                 0.000      0.000   61808
       1674  6.97500000000    0.78461   256.34261                 0.000      0.000   61808
       1675  6.97916666667    0.78468   256.34262                 0.000      0.000   61808
       1676  6.98333333333    0.78474   256.34264                 0.000      0.000   61808
       1677  6.98750000000    0.78481   256.34266                 0.000      0.000   61808
       1678  6.99166666667    0.78487   256.34268                 0.000      0.000   61808
       1679  6.99583333333    0.78494   256.34270                 0.000      0.000   61808
       1680  7.00000000000    0.78500   256.34272                 0.000      0.000   61808
       1681  7.00416666667    0.78507   256.34273                 0.000      0.000   61808
       1682  7.00833333333    0.78513   256.34275                 0.000      0.000   61808
       1683  7.01250000000    0.78520   256.34277                 0.000      0.000   61808
       1684  7.01666666667    0.78526   256.34279                 0.000      0.000   61808
       1685  7.02083333333    0.78533   256.34281                 0.000      0.000   61808
       1686  7.02500000000    0.78539   256.34283                 0.000      0.000   61808
       1687  7.02916666667    0.78546   256.34284                 0.000      0.000   61808
       1688  7.03333333333    0.78552   256.34286                 0.000      0.000   61808
       1689  7.03750000000    0.78559   256.34288                 0.000      0.000   61808
       1690  7.04166666667    0.78565   256.34290                 0.000      0.000   61808
       1691  7.04583333333    0.78571   256.34292                 0.000      0.000   61808
       1692  7.05000000000    0.78578   256.34294                 0.000      0.000   61808
       1693  7.05416666667    0.78584   256.34296                 0.000      0.000   61808
       1694  7.05833333333    0.78591   256.34297                 0.000      0.000   61808
       1695  7.06250000000    0.78597   256.34299                 0.000      0.000   61808
       1696  7.06666666667    0.78604   256.34301                 0.000      0.000   61808
       1697  7.07083333333    0.78610   256.34303                 0.000      0.000   61808
       1698  7.07500000000    0.78616   256.34305                 0.000      0.000   61808
       1699  7.07916666667    0.78623   256.34307                 0.000      0.000   61808
       1700  7.08333333333    0.78629   256.34309                 0.000      0.000   61808
       1701  7.08750000000    0.78636   256.34311                 0.000      0.000   61808
       1702  7.09166666667    0.78642   256.34312                 0.000      0.000   61808
       1703  7.09583333333    0.78649   256.34314                 0.000      0.000   61808
       1704  7.10000000000    0.78655   256.34316                 0.000      0.000   61808
       1705  7.10416666667    0.78661   256.34318                 0.000      0.000   61808
       1706  7.10833333333    0.78668   256.34320                 0.000      0.000   61808
       1707  7.11250000000    0.78674   256.34322                 0.000      0.000   61808
       1708  7.11666666667    0.78681   256.34324                 0.000      0.000   61808
       1709  7.12083333333    0.78687   256.34326                 0.000      0.000   61808
       1710  7.12500000000    0.78693   256.34328                 0.000      0.000   61808
       1711  7.12916666667    0.78700   256.34329                 0.000      0.000   61808
       1712  7.13333333333    0.78706   256.34331                 0.000      0.000   61808
       1713  7.13750000000    0.78713   256.34333                 0.000      0.000   61808
       1714  7.14166666667    0.78719   256.34335                 0.000      0.000   61808
       1715  7.14583333333    0.78725   256.34337                 0.000      0.000   61808
       1716  7.15000000000    0.78732   256.34339                 0.000      0.000   61808
       1717  7.15416666667    0.78738   256.34341                 0.000      0.000   61808
       1718  7.15833333333    0.78745   256.34343                 0.000      0.000   61808
       1719  7.16250000000    0.78751   256.34345                 0.000      0.000   61808
       1720  7.16666666667    0.78757   256.34347                 0.000      0.000   61808
       1721  7.17083333333    0.78764   256.34349                 0.000      0.000   61808
       1722  7.17500000000    0.78770   256.34350                 0.000      0.000   61808
       1723  7.17916666667    0.78776   256.34352                 0.000      0.000   61808
       1724  7.18333333333    0.78783   256.34354                 0.000      0.000   61808
       1725  7.18750000000    0.78789   256.34356                 0.000      0.000   61808
       1726  7.19166666667    0.78795   256.34358                 0.000      0.000   61808
       1727  7.19583333333    0.78802   256.34360                 0.000      0.000   61808
       1728  7.20000000000    0.78808   256.34362                 0.000      0.000   61808
       1729  7.20416666667    0.78814   256.34364                 0.000      0.000   61808
       1730  7.20833333333    0.78821   256.34366                 0.000      0.000   61808
       1731  7.21250000000    0.78827   256.34368                 0.000      0.000   61808
       1732  7.21666666667    0.78833   256.34370                 0.000      0.000   61808
       1733  7.22083333333    0.78840   256.34372                 0.000      0.000   61808
       1734  7.22500000000    0.78846   256.34374                 0.000      0.000   61808
       1735  7.22916666667    0.78852   256.34376                 0.000      0.000   61808
       1736  7.23333333333    0.78859   256.34378                 0.000      0.000   61808
       1737  7.23750000000    0.78865   256.34380                 0.000      0.000   61808
       1738  7.24166666667    0.78871   256.34382                 0.000      0.000   61808
       1739  7.24583333333    0.78878   256.34384                 0.000      0.000   61808
       1740  7.25000000000    0.78884   256.34386                 0.000      0.000   61808
       1741  7.25416666667    0.78890   256.34387                 0.000      0.000   61808
       1742  7.25833333333    0.78896   256.34389                 0.000      0.000   61808
       1743  7.26250000000    0.78903   256.34391                 0.000      0.000   61808
       1744  7.26666666667    0.78909   256.34393                 0.000      0.000   61808
       1745  7.27083333333    0.78915   256.34395                 0.000      0.000   61808
       1746  7.27500000000    0.78922   256.34397                 0.000      0.000   61808
       1747  7.27916666667    0.78928   256.34399                 0.000      0.000   61808
       1748  7.28333333333    0.78934   256.34401                 0.000      0.000   61808
       1749  7.28750000000    0.78940   256.34403                 0.000      0.000   61808
       1773  7.38750000000    0.79090   256.34451                 0.000      0.000   61809
       1774  7.39166666667    0.79096   256.34454                 0.000      0.000   61808
       1775  7.39583333333    0.79102   256.34456                 0.000      0.000   61808
       1776  7.40000000000    0.79108   256.34458                 0.000      0.000   61808
       1777  7.40416666667    0.79115   256.34460                 0.000      0.000   61808
       1778  7.40833333333    0.79121   256.34462                 0.000      0.000   61808
       1779  7.41250000000    0.79127   256.34464                 0.000      0.000   61808
       1780  7.41666666667    0.79133   256.34466                 0.000      0.000   61808
       1781  7.42083333333    0.79139   256.34468                 0.000      0.000   61808
       1782  7.42500000000    0.79145   256.34470                 0.000      0.000   61808
       1783  7.42916666667    0.79152   256.34472                 0.000      0.000   61808
       1784  7.43333333333    0.79158   256.34474                 0.000      0.000   61808
       1785  7.43750000000    0.79164   256.34476                 0.000      0.000   61808
       1786  7.44166666667    0.79170   256.34478                 0.000      0.000   61808
       1787  7.44583333333    0.79176   256.34480                 0.000      0.000   61808
       1788  7.45000000000    0.79182   256.34482                 0.000      0.000   61808
       1789  7.45416666667    0.79188   256.34484                 0.000      0.000   61808
       1790  7.45833333333    0.79195   256.34486                 0.000      0.000   61808
       1791  7.46250000000    0.79201   256.34488                 0.000      0.000   61808
       1792  7.46666666667    0.79207   256.34490                 0.000      0.000   61808
       1793  7.47083333333    0.79213   256.34493                 0.000      0.000   61808
       1794  7.47500000000    0.79219   256.34495                 0.000      0.000   61808
       1795  7.47916666667    0.79225   256.34497                 0.000      0.000   61808
       1796  7.48333333333    0.79231   256.34499                 0.000      0.000   61808
       1797  7.48750000000    0.79237   256.34501                 0.000      0.000   61808
       1798  7.49166666667    0.79244   256.34503                 0.000      0.000   61808
       1799  7.49583333333    0.79250   256.34505                 0.000      0.000   61808
       1800  7.50000000000    0.79256   256.34507                 0.000      0.000   61808
       1801  7.50416666667    0.79262   256.34509                 0.000      0.000   61808
       1802  7.50833333333    0.79268   256.34511                 0.000      0.000   61808
       1803  7.51250000000    0.79274   256.34513                 0.000      0.000   61808
       1804  7.51666666667    0.79280   256.34516                 0.000      0.000   61808
       1805  7.52083333333    0.79286   256.34518                 0.000      0.000   61808
       1806  7.52500000000    0.79292   256.34520                 0.000      0.000   61808
       1807  7.52916666667    0.79298   256.34522                 0.000      0.000   61808
       1808  7.53333333333    0.79304   256.34524                 0.000      0.000   61808
       1809  7.53750000000    0.79310   256.34526                 0.000      0.000   61808
       1810  7.54166666667    0.79316   256.34528                 0.000      0.000   61808
       1811  7.54583333333    0.79322   256.34530                 0.000      0.000   61808
       1812  7.55000000000    0.79329   256.34532                 0.000      0.000   61808
       1813  7.55416666667    0.79335   256.34534                 0.000      0.000   61808
       1814  7.55833333333    0.79341   256.34537                 0.000      0.000   61808
       1815  7.56250000000    0.79347   256.34539                 0.000      0.000   61808
       1816  7.56666666667    0.79353   256.34541                 0.000      0.000   61808
       1817  7.57083333333    0.79359   256.34543                 0.000      0.000   61808
       1818  7.57500000000    0.79365   256.34545                 0.000      0.000   61808
       1819  7.57916666667    0.79371   256.34547                 0.000      0.000   61808
       1820  7.58333333333    0.79377   256.34549                 0.000      0.000   61808
       1821  7.58750000000    0.79383   256.34551                 0.000      0.000   61808
       1822  7.59166666667    0.79389   256.34553                 0.000      0.000   61808
       1823  7.59583333333    0.79395   256.34556                 0.000      0.000   61808
       1824  7.60000000000    0.79401   256.34558                 0.000      0.000   61808
       1825  7.60416666667    0.79407   256.34560                 0.000      0.000   61808
       1826  7.60833333333    0.79413   256.34562                 0.000      0.000   61808
       1827  7.61250000000    0.79419   256.34564                 0.000      0.000   61808
       1828  7.61666666667    0.79425   256.34566                 0.000      0.000   61808
       1829  7.62083333333    0.79431   256.34568                 0.000      0.000   61808
       1830  7.62500000000    0.79437   256.34571                 0.000      0.000   61808
       1831  7.62916666667    0.79443   256.34573                 0.000      0.000   61808
       1832  7.63333333333    0.79449   256.34575                 0.000      0.000   61808
       1833  7.63750000000    0.79455   256.34577                 0.000      0.000   61808
       1834  7.64166666667    0.79461   256.34579                 0.000      0.000   61808
       1835  7.64583333333    0.79466   256.34581                 0.000      0.000   61808
       1836  7.65000000000    0.79472   256.34583                 0.000      0.000   61808
       1837  7.65416666667    0.79478   256.34586                 0.000      0.000   61808
       1838  7.65833333333    0.79484   256.34588                 0.000      0.000   61808
       1839  7.66250000000    0.79490   256.34590                 0.000      0.000   61808
       1840  7.66666666667    0.79496   256.34592                 0.000      0.000   61808
       1841  7.67083333333    0.79502   256.34594                 0.000      0.000   61808
       1842  7.67500000000    0.79508   256.34596                 0.000      0.000   61808
       1843  7.67916666667    0.79514   256.34599                 0.000      0.000   61808
       2178  9.07500000000    0.81236   256.35406                 0.000      0.000   61808
       2179  9.07916666667    0.81240   256.35408                 0.000      0.000   61808
       2180  9.08333333333    0.81244   256.35411                 0.000      0.000   61808
       2181  9.08750000000    0.81248   256.35414                 0.000      0.000   61808
       2182  9.09166666667    0.81252   256.35416                 0.000      0.000   61808
       2183  9.09583333333    0.81257   256.35419                 0.000      0.000   61808
       2184  9.10000000000    0.81261   256.35421                 0.000      0.000   61808
       2185  9.10416666667    0.81265   256.35424                 0.000      0.000   61808
       2186  9.10833333333    0.81269   256.35426                 0.000      0.000   61808
       2187  9.11250000000    0.81274   256.35429                 0.000      0.000   61808
       2188  9.11666666667    0.81278   256.35432                 0.000      0.000   61808
       2189  9.12083333333    0.81282   256.35434                 0.000      0.000   61808
       2190  9.12500000000    0.81286   256.35437                 0.000      0.000   61808
       2191  9.12916666667    0.81290   256.35439                 0.000      0.000   61808
       2192  9.13333333333    0.81294   256.35442                 0.000      0.000   61808
       2193  9.13750000000    0.81299   256.35445                 0.000      0.000   61808
       2194  9.14166666667    0.81303   256.35447                 0.000      0.000   61808
       2195  9.14583333333    0.81307   256.35450                 0.000      0.000   61808
       2196  9.15000000000    0.81311   256.35452                 0.000      0.000   61808
       2197  9.15416666667    0.81315   256.35455                 0.000      0.000   61808
       2198  9.15833333333    0.81319   256.35458                 0.000      0.000   61808
       2199  9.16250000000    0.81323   256.35460                 0.000      0.000   61808
       2200  9.16666666667    0.81327   256.35463                 0.000      0.000   61808
       2201  9.17083333333    0.81331   256.35465                 0.000      0.000   61808
       2202  9.17500000000    0.81336   256.35468                 0.000      0.000   61808
       2273  9.47083333333    0.81611   256.35653                 0.000      0.000   61809
       2274  9.47500000000    0.81615   256.35656                 0.000      0.000   61808
       2275  9.47916666667    0.81618   256.35659                 0.000      0.000   61808
       2276  9.48333333333    0.81622   256.35661                 0.000      0.000   61808
       2277  9.48750000000    0.81625   256.35664                 0.000      0.000   61808
       2278  9.49166666667    0.81629   256.35666                 0.000      0.000   61808
       2279  9.49583333333    0.81633   256.35669                 0.000      0.000   61808
       2280  9.50000000000    0.81636   256.35672                 0.000      0.000   61808
       2281  9.50416666667    0.81640   256.35674                 0.000      0.000   61808
       2282  9.50833333333    0.81644   256.35677                 0.000      0.000   61808
       2283  9.51250000000    0.81647   256.35680                 0.000      0.000   61808
       2284  9.51666666667    0.81651   256.35682                 0.000      0.000   61808
       2285  9.52083333333    0.81654   256.35685                 0.000      0.000   61808
       2286  9.52500000000    0.81658   256.35687                 0.000      0.000   61808
       2287  9.52916666667    0.81661   256.35690                 0.000      0.000   61808
       2288  9.53333333333    0.81665   256.35693                 0.000      0.000   61808
       2289  9.53750000000    0.81669   256.35695                 0.000      0.000   61808
       2290  9.54166666667    0.81672   256.35698                 0.000      0.000   61808
       2291  9.54583333333    0.81676   256.35701                 0.000      0.000   61808
       2292  9.55000000000    0.81679   256.35703                 0.000      0.000   61808
       2293  9.55416666667    0.81683   256.35706                 0.000      0.000   61808
       2294  9.55833333333    0.81686   256.35708                 0.000      0.000   61808
       2295  9.56250000000    0.81690   256.35711                 0.000      0.000   61808
       2296  9.56666666667    0.81693   256.35714                 0.000      0.000   61808
       2297  9.57083333333    0.81697   256.35716                 0.000      0.000   61808
       2298  9.57500000000    0.81700   256.35719                 0.000      0.000   61808
       2299  9.57916666667    0.81704   256.35722                 0.000      0.000   61808
       2300  9.58333333333    0.81707   256.35724                 0.000      0.000   61808
       2301  9.58750000000    0.81711   256.35727                 0.000      0.000   61808
       2302  9.59166666667    0.81714   256.35729                 0.000      0.000   61808
       2303  9.59583333333    0.81718   256.35732                 0.000      0.000   61808
       2304  9.60000000000    0.81721   256.35735                 0.000      0.000   61808
       2305  9.60416666667    0.81725   256.35737                 0.000      0.000   61808
       2306  9.60833333333    0.81728   256.35740                 0.000      0.000   61808
       2307  9.61250000000    0.81731   256.35743                 0.000      0.000   61808
       2308  9.61666666667    0.81735   256.35745                 0.000      0.000   61808
       2309  9.62083333333    0.81738   256.35748                 0.000      0.000   61808
       2310  9.62500000000    0.81742   256.35750                 0.000      0.000   61808
       2311  9.62916666667    0.81745   256.35753                 0.000      0.000   61808
       2312  9.63333333333    0.81749   256.35756                 0.000      0.000   61808
       2313  9.63750000000    0.81752   256.35758                 0.000      0.000   61808
       2314  9.64166666667    0.81755   256.35761                 0.000      0.000   61808
       2315  9.64583333333    0.81759   256.35764                 0.000      0.000   61808
       2316  9.65000000000    0.81762   256.35766                 0.000      0.000   61808
       2317  9.65416666667    0.81766   256.35769                 0.000      0.000   61808
       2318  9.65833333333    0.81769   256.35772                 0.000      0.000   61808
       2319  9.66250000000    0.81772   256.35774                 0.000      0.000   61808
       2320  9.66666666667    0.81776   256.35777                 0.000      0.000   61808
       2342  9.75833333333    0.81848   256.35835                 0.000      0.000   61809
       2343  9.76250000000    0.81851   256.35837                 0.000      0.000   61808
       2344  9.76666666667    0.81854   256.35840                 0.000      0.000   61808
       2345  9.77083333333    0.81857   256.35843                 0.000      0.000   61808
       2346  9.77500000000    0.81860   256.35845                 0.000      0.000   61808
       2347  9.77916666667    0.81864   256.35848                 0.000      0.000   61808
       2348  9.78333333333    0.81867   256.35850                 0.000      0.000   61808
       2349  9.78750000000    0.81870   256.35853                 0.000      0.000   61808
       2350  9.79166666667    0.81873   256.35856                 0.000      0.000   61808
       2351  9.79583333333    0.81876   256.35858                 0.000      0.000   61808
       2352  9.80000000000    0.81879   256.35861                 0.000      0.000   61808
       2353  9.80416666667    0.81883   256.35864                 0.000      0.000   61808
       2354  9.80833333333    0.81886   256.35866                 0.000      0.000   61808
       2355  9.81250000000    0.81889   256.35869                 0.000      0.000   61808
       2356  9.81666666667    0.81892   256.35871                 0.000      0.000   61808
       2357  9.82083333333    0.81895   256.35874                 0.000      0.000   61808
       2358  9.82500000000    0.81898   256.35877                 0.000      0.000   61808
       2359  9.82916666667    0.81901   256.35879                 0.000      0.000   61808
       2360  9.83333333333    0.81904   256.35882                 0.000      0.000   61808
       2361  9.83750000000    0.81907   256.35885                 0.000      0.000   61808
       2362  9.84166666667    0.81910   256.35887                 0.000      0.000   61808
       2363  9.84583333333    0.81914   256.35890                 0.000      0.000   61808
       2364  9.85000000000    0.81917   256.35893                 0.000      0.000   61808
       2365  9.85416666667    0.81920   256.35895                 0.000      0.000   61808
       2454 10.22500000000    0.82164   256.36129                 0.000      0.000   61809
       2455 10.22916666667    0.82167   256.36131                 0.000      0.000   61808
       2456 10.23333333333    0.82169   256.36134                 0.000      0.000   61808
       2457 10.23750000000    0.82172   256.36136                 0.000      0.000   61808
       2458 10.24166666667    0.82174   256.36139                 0.000      0.000   61808
       2459 10.24583333333    0.82176   256.36142                 0.000      0.000   61808
       2460 10.25000000000    0.82179   256.36144                 0.000      0.000   61808
       2461 10.25416666667    0.82181   256.36147                 0.000      0.000   61808
       2462 10.25833333333    0.82184   256.36149                 0.000      0.000   61808
       2463 10.26250000000    0.82186   256.36152                 0.000      0.000   61808
       2464 10.26666666667    0.82188   256.36155                 0.000      0.000   61808
       2465 10.27083333333    0.82191   256.36157                 0.000      0.000   61808
       2466 10.27500000000    0.82193   256.36160                 0.000      0.000   61808
       2467 10.27916666667    0.82195   256.36162                 0.000      0.000   61808
       2468 10.28333333333    0.82198   256.36165                 0.000      0.000   61808
       2469 10.28750000000    0.82200   256.36168                 0.000      0.000   61808
       2470 10.29166666667    0.82203   256.36170                 0.000      0.000   61808
       2471 10.29583333333    0.82205   256.36173                 0.000      0.000   61808
       2472 10.30000000000    0.82207   256.36175                 0.000      0.000   61808
       2473 10.30416666667    0.82209   256.36178                 0.000      0.000   61808
       2474 10.30833333333    0.82212   256.36181                 0.000      0.000   61808
       2475 10.31250000000    0.82214   256.36183                 0.000      0.000   61808
       2476 10.31666666667    0.82216   256.36186                 0.000      0.000   61808
       2477 10.32083333333    0.82219   256.36188                 0.000      0.000   61808
       2478 10.32500000000    0.82221   256.36191                 0.000      0.000   61808
       2479 10.32916666667    0.82223   256.36194                 0.000      0.000   61808
       2480 10.33333333333    0.82225   256.36196                 0.000      0.000   61808
       2481 10.33750000000    0.82228   256.36199                 0.000      0.000   61808
       2482 10.34166666667    0.82230   256.36201                 0.000      0.000   61808
       2483 10.34583333333    0.82232   256.36204                 0.000      0.000   61808
       2484 10.35000000000    0.82234   256.36207                 0.000      0.000   61808
       2485 10.35416666667    0.82237   256.36209                 0.000      0.000   61808
       2486 10.35833333333    0.82239   256.36212                 0.000      0.000   61808
       2487 10.36250000000    0.82241   256.36214                 0.000      0.000   61808
       2488 10.36666666667    0.82243   256.36217                 0.000      0.000   61808
       2489 10.37083333333    0.82245   256.36220                 0.000      0.000   61808
       2490 10.37500000000    0.82248   256.36222                 0.000      0.000   61808
       2491 10.37916666667    0.82250   256.36225                 0.000      0.000   61808
       2575 10.72916666667    0.82408   256.36440                 0.000      0.000   61809
       2576 10.73333333333    0.82409   256.36442                 0.000      0.000   61808
       2577 10.73750000000    0.82411   256.36445                 0.000      0.000   61808
       2578 10.74166666667    0.82413   256.36447                 0.000      0.000   61808
       2579 10.74583333333    0.82414   256.36450                 0.000      0.000   61808
       2580 10.75000000000    0.82416   256.36453                 0.000      0.000   61808
       2581 10.75416666667    0.82417   256.36455                 0.000      0.000   61808
       2582 10.75833333333    0.82419   256.36458                 0.000      0.000   61808
       2583 10.76250000000    0.82420   256.36460                 0.000      0.000   61808
       2584 10.76666666667    0.82422   256.36463                 0.000      0.000   61808
       2585 10.77083333333    0.82423   256.36465                 0.000      0.000   61808
       2586 10.77500000000    0.82425   256.36468                 0.000      0.000   61808
       2587 10.77916666667    0.82426   256.36470                 0.000      0.000   61808
       2588 10.78333333333    0.82428   256.36473                 0.000      0.000   61808
       2589 10.78750000000    0.82429   256.36475                 0.000      0.000   61808
       2590 10.79166666667    0.82431   256.36478                 0.000      0.000   61808
       2591 10.79583333333    0.82432   256.36480                 0.000      0.000   61808
       2592 10.80000000000    0.82434   256.36483                 0.000      0.000   61808
       2593 10.80416666667    0.82435   256.36485                 0.000      0.000   61808
       2594 10.80833333333    0.82437   256.36488                 0.000      0.000   61808
       2613 10.88750000000    0.82463   256.36535                 0.000      0.000   61809
       2614 10.89166666667    0.82464   256.36538                 0.000      0.000   61808
       2615 10.89583333333    0.82465   256.36540                 0.000      0.000   61808
       2616 10.90000000000    0.82466   256.36543                 0.000      0.000   61808
       2617 10.90416666667    0.82468   256.36545                 0.000      0.000   61808
       2618 10.90833333333    0.82469   256.36548                 0.000      0.000   61808
       2619 10.91250000000    0.82470   256.36550                 0.000      0.000   61808
       2620 10.91666666667    0.82471   256.36553                 0.000      0.000   61808
       2621 10.92083333333    0.82473   256.36555                 0.000      0.000   61808
       2622 10.92500000000    0.82474   256.36558                 0.000      0.000   61808
       2623 10.92916666667    0.82475   256.36560                 0.000      0.000   61808
       2624 10.93333333333    0.82476   256.36563                 0.000      0.000   61808
       2625 10.93750000000    0.82478   256.36565                 0.000      0.000   61808
       2626 10.94166666667    0.82479   256.36568                 0.000      0.000   61808
       2627 10.94583333333    0.82480   256.36570                 0.000      0.000   61808
       2628 10.95000000000    0.82481   256.36573                 0.000      0.000   61808
       2629 10.95416666667    0.82482   256.36575                 0.000      0.000   61808
       2630 10.95833333333    0.82484   256.36578                 0.000      0.000   61808
       2631 10.96250000000    0.82485   256.36580                 0.000      0.000   61808
       2632 10.96666666667    0.82486   256.36583                 0.000      0.000   61808
       2633 10.97083333333    0.82487   256.36585                 0.000      0.000   61808
       2634 10.97500000000    0.82488   256.36588                 0.000      0.000   61808
       2635 10.97916666667    0.82489   256.36590                 0.000      0.000   61808
       2636 10.98333333333    0.82490   256.36593                 0.000      0.000   61808
       2637 10.98750000000    0.82492   256.36595                 0.000      0.000   61808
       2638 10.99166666667    0.82493   256.36598                 0.000      0.000   61808
       2639 10.99583333333    0.82494   256.36600                 0.000      0.000   61808
       2640 11.00000000000    0.82495   256.36603                 0.000      0.000   61808
       2641 11.00416666667    0.82496   256.36605                 0.000      0.000   61808
       2642 11.00833333333    0.82497   256.36607                 0.000      0.000   61808
       2643 11.01250000000    0.82498   256.36610                 0.000      0.000   61808
       2644 11.01666666667    0.82499   256.36612                 0.000      0.000   61808
       2645 11.02083333333    0.82500   256.36615                 0.000      0.000   61808
       2646 11.02500000000    0.82501   256.36617                 0.000      0.000   61808
       2647 11.02916666667    0.82502   256.36620                 0.000      0.000   61808
       2656 11.06666666667    0.82512   256.36642                 0.000      0.000   61809
       2657 11.07083333333    0.82513   256.36644                 0.000      0.000   61808
       2658 11.07500000000    0.82513   256.36647                 0.000      0.000   61808
       2659 11.07916666667    0.82514   256.36649                 0.000      0.000   61808
       2660 11.08333333333    0.82515   256.36652                 0.000      0.000   61808
       2661 11.08750000000    0.82516   256.36654                 0.000      0.000   61808
       2662 11.09166666667    0.82517   256.36657                 0.000      0.000   61808
       2663 11.09583333333    0.82518   256.36659                 0.000      0.000   61808
       2664 11.10000000000    0.82519   256.36661                 0.000      0.000   61808
       2665 11.10416666667    0.82520   256.36664                 0.000      0.000   61808
       2666 11.10833333333    0.82521   256.36666                 0.000      0.000   61808
       2667 11.11250000000    0.82522   256.36669                 0.000      0.000   61808
       2668 11.11666666667    0.82523   256.36671                 0.000      0.000   61808
       2669 11.12083333333    0.82524   256.36674                 0.000      0.000   61808
       2670 11.12500000000    0.82525   256.36676                 0.000      0.000   61808
       2671 11.12916666667    0.82525   256.36679                 0.000      0.000   61808
       2672 11.13333333333    0.82526   256.36681                 0.000      0.000   61808
       2673 11.13750000000    0.82527   256.36683                 0.000      0.000   61808
       2674 11.14166666667    0.82528   256.36686                 0.000      0.000   61808
       2675 11.14583333333    0.82529   256.36688                 0.000      0.000   61808
       2676 11.15000000000    0.82530   256.36691                 0.000      0.000   61808
       2677 11.15416666667    0.82531   256.36693                 0.000      0.000   61808
       2678 11.15833333333    0.82531   256.36696                 0.000      0.000   61808
       2679 11.16250000000    0.82532   256.36698                 0.000      0.000   61808
       2680 11.16666666667    0.82533   256.36700                 0.000      0.000   61808
       2681 11.17083333333    0.82534   256.36703                 0.000      0.000   61808
       2682 11.17500000000    0.82535   256.36705                 0.000      0.000   61808
       2683 11.17916666667    0.82535   256.36708                 0.000      0.000   61808
       2684 11.18333333333    0.82536   256.36710                 0.000      0.000   61808
       2685 11.18750000000    0.82537   256.36713                 0.000      0.000   61808
       2686 11.19166666667    0.82538   256.36715                 0.000      0.000   61808
       2687 11.19583333333    0.82538   256.36717                 0.000      0.000   61808
       2688 11.20000000000    0.82539   256.36720                 0.000      0.000   61808
       2689 11.20416666667    0.82540   256.36722                 0.000      0.000   61808
       2690 11.20833333333    0.82541   256.36725                 0.000      0.000   61808
       2691 11.21250000000    0.82541   256.36727                 0.000      0.000   61808
       2692 11.21666666667    0.82542   256.36729                 0.000      0.000   61808
       2693 11.22083333333    0.82543   256.36732                 0.000      0.000   61808
       2694 11.22500000000    0.82544   256.36734                 0.000      0.000   61808
       2695 11.22916666667    0.82544   256.36737                 0.000      0.000   61808
       2696 11.23333333333    0.82545   256.36739                 0.000      0.000   61808
       2697 11.23750000000    0.82546   256.36741                 0.000      0.000   61808
       2698 11.24166666667    0.82546   256.36744                 0.000      0.000   61808
       2699 11.24583333333    0.82547   256.36746                 0.000      0.000   61808
       2700 11.25000000000    0.82548   256.36749                 0.000      0.000   61808
       2701 11.25416666667    0.82548   256.36751                 0.000      0.000   61808
       2702 11.25833333333    0.82549   256.36754                 0.000      0.000   61808
       2703 11.26250000000    0.82550   256.36756                 0.000      0.000   61808
       2704 11.26666666667    0.82550   256.36758                 0.000      0.000   61808
       2705 11.27083333333    0.82551   256.36761                 0.000      0.000   61808
       2706 11.27500000000    0.82551   256.36763                 0.000      0.000   61808
       2707 11.27916666667    0.82552   256.36765                 0.000      0.000   61808
       2708 11.28333333333    0.82553   256.36768                 0.000      0.000   61808
       2709 11.28750000000    0.82553   256.36770                 0.000      0.000   61808
       2710 11.29166666667    0.82554   256.36773                 0.000      0.000   61808
       2711 11.29583333333    0.82554   256.36775                 0.000      0.000   61808
       2712 11.30000000000    0.82555   256.36777                 0.000      0.000   61808
       2713 11.30416666667    0.82555   256.36780                 0.000      0.000   61808
       2714 11.30833333333    0.82556   256.36782                 0.000      0.000   61808
       2715 11.31250000000    0.82557   256.36785                 0.000      0.000   61808
       2716 11.31666666667    0.82557   256.36787                 0.000      0.000   61808
       2717 11.32083333333    0.82558   256.36789                 0.000      0.000   61808
       2718 11.32500000000    0.82558   256.36792                 0.000      0.000   61808
       2719 11.32916666667    0.82559   256.36794                 0.000      0.000   61808
       2720 11.33333333333    0.82559   256.36797                 0.000      0.000   61808
       2721 11.33750000000    0.82560   256.36799                 0.000      0.000   61808
       2722 11.34166666667    0.82560   256.36801                 0.000      0.000   61808
       2723 11.34583333333    0.82561   256.36804                 0.000      0.000   61808
       2724 11.35000000000    0.82561   256.36806                 0.000      0.000   61808
       2725 11.35416666667    0.82562   256.36808                 0.000      0.000   61808
       2726 11.35833333333    0.82562   256.36811                 0.000      0.000   61808
       2727 11.36250000000    0.82563   256.36813                 0.000      0.000   61808
       2728 11.36666666667    0.82563   256.36815                 0.000      0.000   61808
       2729 11.37083333333    0.82563   256.36818                 0.000      0.000   61808
       2730 11.37500000000    0.82564   256.36820                 0.000      0.000   61808
       2731 11.37916666667    0.82564   256.36823                 0.000      0.000   61808
       2732 11.38333333333    0.82565   256.36825                 0.000      0.000   61808
       2733 11.38750000000    0.82565   256.36827                 0.000      0.000   61808
       2734 11.39166666667    0.82566   256.36830                 0.000      0.000   61808
       2735 11.39583333333    0.82566   256.36832                 0.000      0.000   61808
       2736 11.40000000000    0.82566   256.36834                 0.000      0.000   61808
       2737 11.40416666667    0.82567   256.36837                 0.000      0.000   61808
       2738 11.40833333333    0.82567   256.36839                 0.000      0.000   61808
       2739 11.41250000000    0.82568   256.36841                 0.000      0.000   61808
       2740 11.41666666667    0.82568   256.36844                 0.000      0.000   61808
       2741 11.42083333333    0.82568   256.36846                 0.000      0.000   61808
       2742 11.42500000000    0.82569   256.36848                 0.000      0.000   61808
       2743 11.42916666667    0.82569   256.36851                 0.000      0.000   61808
       2744 11.43333333333    0.82569   256.36853                 0.000      0.000   61808
       2745 11.43750000000    0.82570   256.36856                 0.000      0.000   61808
       2746 11.44166666667    0.82570   256.36858                 0.000      0.000   61808
       2747 11.44583333333    0.82570   256.36860                 0.000      0.000   61808
       2748 11.45000000000    0.82571   256.36863                 0.000      0.000   61808
       2749 11.45416666667    0.82571   256.36865                 0.000      0.000   61808
       2750 11.45833333333    0.82571   256.36867                 0.000      0.000   61808
       2751 11.46250000000    0.82571   256.36870                 0.000      0.000   61808
       2752 11.46666666667    0.82572   256.36872                 0.000      0.000   61808
       2753 11.47083333333    0.82572   256.36874                 0.000      0.000   61808
       2754 11.47500000000    0.82572   256.36877                 0.000      0.000   61808
       2755 11.47916666667    0.82573   256.36879                 0.000      0.000   61808
       2756 11.48333333333    0.82573   256.36881                 0.000      0.000   61808
       2757 11.48750000000    0.82573   256.36884                 0.000      0.000   61808
       2758 11.49166666667    0.82573   256.36886                 0.000      0.000   61808
       2759 11.49583333333    0.82573   256.36888                 0.000      0.000   61808
       2760 11.50000000000    0.82574   256.36891                 0.000      0.000   61808
       2761 11.50416666667    0.82574   256.36893                 0.000      0.000   61808
       2762 11.50833333333    0.82574   256.36895                 0.000      0.000   61808
       2763 11.51250000000    0.82574   256.36898                 0.000      0.000   61808
       2764 11.51666666667    0.82574   256.36900                 0.000      0.000   61808
       2765 11.52083333333    0.82575   256.36902                 0.000      0.000   61808
       2766 11.52500000000    0.82575   256.36905                 0.000      0.000   61808
       2767 11.52916666667    0.82575   256.36907                 0.000      0.000   61808
       2768 11.53333333333    0.82575   256.36909                 0.000      0.000   61808
       2769 11.53750000000    0.82575   256.36911                 0.000      0.000   61808
       2770 11.54166666667    0.82575   256.36914                 0.000      0.000   61808
       2771 11.54583333333    0.82575   256.36916                 0.000      0.000   61808
       2772 11.55000000000    0.82576   256.36918                 0.000      0.000   61808
       2773 11.55416666667    0.82576   256.36921                 0.000      0.000   61808
       2774 11.55833333333    0.82576   256.36923                 0.000      0.000   61808
       2775 11.56250000000    0.82576   256.36925                 0.000      0.000   61808
       2776 11.56666666667    0.82576   256.36928                 0.000      0.000   61808
       2777 11.57083333333    0.82576   256.36930                 0.000      0.000   61808
       2778 11.57500000000    0.82576   256.36932                 0.000      0.000   61808
       2779 11.57916666667    0.82576   256.36934                 0.000      0.000   61808
       2780 11.58333333333    0.82576   256.36937                 0.000      0.000   61808
       2781 11.58750000000    0.82576   256.36939                 0.000      0.000   61808
       2782 11.59166666667    0.82576   256.36941                 0.000      0.000   61808
       2783 11.59583333333    0.82576   256.36944                 0.000      0.000   61808
       2784 11.60000000000    0.82576   256.36946                 0.000      0.000   61808
       2785 11.60416666667    0.82576   256.36948                 0.000      0.000   61808
       2786 11.60833333333    0.82576   256.36951                 0.000      0.000   61808
       2787 11.61250000000    0.82577   256.36953                 0.000      0.000   61808
       2788 11.61666666667    0.82577   256.36955                 0.000      0.000   61808
       2789 11.62083333333    0.82577   256.36957                 0.000      0.000   61808
       2790 11.62500000000    0.82577   256.36960                 0.000      0.000   61808
       2791 11.62916666667    0.82577   256.36962                 0.000      0.000   61808
       2792 11.63333333333    0.82576   256.36964                 0.000      0.000   61808
       2793 11.63750000000    0.82576   256.36967                 0.000      0.000   61808
       2794 11.64166666667    0.82576   256.36969                 0.000      0.000   61808
       2795 11.64583333333    0.82576   256.36971                 0.000      0.000   61808
       2796 11.65000000000    0.82576   256.36973                 0.000      0.000   61808
       2797 11.65416666667    0.82576   256.36976                 0.000      0.000   61808
       2798 11.65833333333    0.82576   256.36978                 0.000      0.000   61808
       2799 11.66250000000    0.82576   256.36980                 0.000      0.000   61808
       2800 11.66666666667    0.82576   256.36982                 0.000      0.000   61808
       2801 11.67083333333    0.82576   256.36985                 0.000      0.000   61808
       2802 11.67500000000    0.82576   256.36987                 0.000      0.000   61808
       2803 11.67916666667    0.82576   256.36989                 0.000      0.000   61808
       2804 11.68333333333    0.82576   256.36992                 0.000      0.000   61808
       2805 11.68750000000    0.82575   256.36994                 0.000      0.000   61808
       2806 11.69166666667    0.82575   256.36996                 0.000      0.000   61808
       2807 11.69583333333    0.82575   256.36998                 0.000      0.000   61808
       2808 11.70000000000    0.82575   256.37001                 0.000      0.000   61808
       2880 12.00000000000    0.82545   256.37159                 0.000      0.000   61809
       2881 12.00416666667    0.82544   256.37161                 0.000      0.000   61808
       2882 12.00833333333    0.82543   256.37163                 0.000      0.000   61808
       2883 12.01250000000    0.82543   256.37165                 0.000      0.000   61808
       2884 12.01666666667    0.82542   256.37167                 0.000      0.000   61808
       2885 12.02083333333    0.82541   256.37169                 0.000      0.000   61808
       2886 12.02500000000    0.82541   256.37172                 0.000      0.000   61808
       2887 12.02916666667    0.82540   256.37174                 0.000      0.000   61808
       2888 12.03333333333    0.82539   256.37176                 0.000      0.000   61808
       2889 12.03750000000    0.82538   256.37178                 0.000      0.000   61808
       2890 12.04166666667    0.82538   256.37180                 0.000      0.000   61808
       2891 12.04583333333    0.82537   256.37182                 0.000      0.000   61808
       2892 12.05000000000    0.82536   256.37184                 0.000      0.000   61808
       2893 12.05416666667    0.82535   256.37186                 0.000      0.000   61808
       2894 12.05833333333    0.82535   256.37189                 0.000      0.000   61808
       2895 12.06250000000    0.82534   256.37191                 0.000      0.000   61808
       2896 12.06666666667    0.82533   256.37193                 0.000      0.000   61808
       2897 12.07083333333    0.82532   256.37195                 0.000      0.000   61808
       2898 12.07500000000    0.82531   256.37197                 0.000      0.000   61808
       2899 12.07916666667    0.82530   256.37199                 0.000      0.000   61808
       2900 12.08333333333    0.82530   256.37201                 0.000      0.000   61808
       2901 12.08750000000    0.82529   256.37203                 0.000      0.000   61808
       2902 12.09166666667    0.82528   256.37205                 0.000      0.000   61808
       2903 12.09583333333    0.82527   256.37208                 0.000      0.000   61808
       2904 12.10000000000    0.82526   256.37210                 0.000      0.000   61808
       2905 12.10416666667    0.82525   256.37212                 0.000      0.000   61808
       2906 12.10833333333    0.82524   256.37214                 0.000      0.000   61808
       2907 12.11250000000    0.82524   256.37216                 0.000      0.000   61808
       2908 12.11666666667    0.82523   256.37218                 0.000      0.000   61808
       2909 12.12083333333    0.82522   256.37220                 0.000      0.000   61808
       2910 12.12500000000    0.82521   256.37222                 0.000      0.000   61808
       2911 12.12916666667    0.82520   256.37224                 0.000      0.000   61808
       2912 12.13333333333    0.82519   256.37226                 0.000      0.000   61808
       2985 12.43750000000    0.82432   256.37374                 0.000      0.000   61809
       2986 12.44166666667    0.82430   256.37376                 0.000      0.000   61808
       2987 12.44583333333    0.82429   256.37378                 0.000      0.000   61808
       2988 12.45000000000    0.82427   256.37380                 0.000      0.000   61808
       2989 12.45416666667    0.82426   256.37382                 0.000      0.000   61808
       2990 12.45833333333    0.82424   256.37384                 0.000      0.000   61808
       2991 12.46250000000    0.82423   256.37386                 0.000      0.000   61808
       2992 12.46666666667    0.82421   256.37387                 0.000      0.000   61808
       2993 12.47083333333    0.82420   256.37389                 0.000      0.000   61808
       2994 12.47500000000    0.82418   256.37391                 0.000      0.000   61808
       2995 12.47916666667    0.82417   256.37393                 0.000      0.000   61808
       2996 12.48333333333    0.82415   256.37395                 0.000      0.000   61808
       2997 12.48750000000    0.82414   256.37397                 0.000      0.000   61808
       2998 12.49166666667    0.82412   256.37399                 0.000      0.000   61808
       2999 12.49583333333    0.82410   256.37401                 0.000      0.000   61808
       3000 12.50000000000    0.82409   256.37403                 0.000      0.000   61808
       3001 12.50416666667    0.82407   256.37405                 0.000      0.000   61808
       3002 12.50833333333    0.82406   256.37407                 0.000      0.000   61808
       3003 12.51250000000    0.82404   256.37409                 0.000      0.000   61808
       3004 12.51666666667    0.82403   256.37411                 0.000      0.000   61808
       3005 12.52083333333    0.82401   256.37413                 0.000      0.000   61808
       3006 12.52500000000    0.82399   256.37414                 0.000      0.000   61808
       3007 12.52916666667    0.82398   256.37416                 0.000      0.000   61808
       3008 12.53333333333    0.82396   256.37418                 0.000      0.000   61808
       3009 12.53750000000    0.82394   256.37420                 0.000      0.000   61808
       3010 12.54166666667    0.82393   256.37422                 0.000      0.000   61808
       3011 12.54583333333    0.82391   256.37424                 0.000      0.000   61808
       3012 12.55000000000    0.82389   256.37426                 0.000      0.000   61808
       3013 12.55416666667    0.82388   256.37428                 0.000      0.000   61808
       3014 12.55833333333    0.82386   256.37430                 0.000      0.000   61808
       3015 12.56250000000    0.82385   256.37432                 0.000      0.000   61808
       3016 12.56666666667    0.82383   256.37434                 0.000      0.000   61808
       3017 12.57083333333    0.82381   256.37435                 0.000      0.000   61808
       3018 12.57500000000    0.82379   256.37437                 0.000      0.000   61808
       3019 12.57916666667    0.82378   256.37439                 0.000      0.000   61808
       3020 12.58333333333    0.82376   256.37441                 0.000      0.000   61808
       3021 12.58750000000    0.82374   256.37443                 0.000      0.000   61808
       3022 12.59166666667    0.82372   256.37445                 0.000      0.000   61808
       3023 12.59583333333    0.82371   256.37447                 0.000      0.000   61808
       3024 12.60000000000    0.82369   256.37449                 0.000      0.000   61808
       3025 12.60416666667    0.82367   256.37450                 0.000      0.000   61808
       3026 12.60833333333    0.82366   256.37452                 0.000      0.000   61808
       3027 12.61250000000    0.82364   256.37454                 0.000      0.000   61808
       3028 12.61666666667    0.82362   256.37456                 0.000      0.000   61808
       3029 12.62083333333    0.82360   256.37458                 0.000      0.000   61808
       3030 12.62500000000    0.82358   256.37460                 0.000      0.000   61808
       3031 12.62916666667    0.82357   256.37462                 0.000      0.000   61808
       3032 12.63333333333    0.82355   256.37464                 0.000      0.000   61808
       3033 12.63750000000    0.82353   256.37465                 0.000      0.000   61808
       3034 12.64166666667    0.82351   256.37467                 0.000      0.000   61808
       3035 12.64583333333    0.82349   256.37469                 0.000      0.000   61808
       3036 12.65000000000    0.82347   256.37471                 0.000      0.000   61808
       3037 12.65416666667    0.82346   256.37473                 0.000      0.000   61808
       3038 12.65833333333    0.82344   256.37475                 0.000      0.000   61808
       3039 12.66250000000    0.82342   256.37477                 0.000      0.000   61808
       3040 12.66666666667    0.82340   256.37478                 0.000      0.000   61808
       3041 12.67083333333    0.82338   256.37480                 0.000      0.000   61808
       3042 12.67500000000    0.82336   256.37482                 0.000      0.000   61808
       3043 12.67916666667    0.82334   256.37484                 0.000      0.000   61808
       3044 12.68333333333    0.82333   256.37486                 0.000      0.000   61808
       3045 12.68750000000    0.82331   256.37488                 0.000      0.000   61808
       3046 12.69166666667    0.82329   256.37489                 0.000      0.000   61808
       3047 12.69583333333    0.82327   256.37491                 0.000      0.000   61808
       3048 12.70000000000    0.82325   256.37493                 0.000      0.000   61808
       3049 12.70416666667    0.82323   256.37495                 0.000      0.000   61808
       3070 12.79166666667    0.82281   256.37533                 0.000      0.000   61808
       3071 12.79583333333    0.82279   256.37535                 0.000      0.000   61808
       3072 12.80000000000    0.82277   256.37536                 0.000      0.000   61808
       3073 12.80416666667    0.82274   256.37538                 0.000      0.000   61808
       3074 12.80833333333    0.82272   256.37540                 0.000      0.000   61808
       3075 12.81250000000    0.82270   256.37542                 0.000      0.000   61808
       3076 12.81666666667    0.82268   256.37544                 0.000      0.000   61808
       3077 12.82083333333    0.82266   256.37545                 0.000      0.000   61808
       3078 12.82500000000    0.82264   256.37547                 0.000      0.000   61808
       3079 12.82916666667    0.82262   256.37549                 0.000      0.000   61808
       3080 12.83333333333    0.82260   256.37551                 0.000      0.000   61808
       3081 12.83750000000    0.82257   256.37552                 0.000      0.000   61808
       3082 12.84166666667    0.82255   256.37554                 0.000      0.000   61808
       3083 12.84583333333    0.82253   256.37556                 0.000      0.000   61808
       3084 12.85000000000    0.82251   256.37558                 0.000      0.000   61808
       3085 12.85416666667    0.82249   256.37560                 0.000      0.000   61808
       3086 12.85833333333    0.82246   256.37561                 0.000      0.000   61808
       3087 12.86250000000    0.82244   256.37563                 0.000      0.000   61808
       3088 12.86666666667    0.82242   256.37565                 0.000      0.000   61808
       3089 12.87083333333    0.82240   256.37567                 0.000      0.000   61808
       3090 12.87500000000    0.82238   256.37568                 0.000      0.000   61808
       3091 12.87916666667    0.82235   256.37570                 0.000      0.000   61808
       3092 12.88333333333    0.82233   256.37572                 0.000      0.000   61808
       3093 12.88750000000    0.82231   256.37573                 0.000      0.000   61808
       3094 12.89166666667    0.82229   256.37575                 0.000      0.000   61808
       3095 12.89583333333    0.82226   256.37577                 0.000      0.000   61808
       3096 12.90000000000    0.82224   256.37579                 0.000      0.000   61808
       3097 12.90416666667    0.82222   256.37580                 0.000      0.000   61808
       3098 12.90833333333    0.82220   256.37582                 0.000      0.000   61808
       3099 12.91250000000    0.82217   256.37584                 0.000      0.000   61808
       3100 12.91666666667    0.82215   256.37586                 0.000      0.000   61808
       3101 12.92083333333    0.82213   256.37587                 0.000      0.000   61808
       3102 12.92500000000    0.82210   256.37589                 0.000      0.000   61808
       3103 12.92916666667    0.82208   256.37591                 0.000      0.000   61808
       3104 12.93333333333    0.82206   256.37592                 0.000      0.000   61808
       3105 12.93750000000    0.82203   256.37594                 0.000      0.000   61808
       3106 12.94166666667    0.82201   256.37596                 0.000      0.000   61808
       3107 12.94583333333    0.82199   256.37598                 0.000      0.000   61808
       3108 12.95000000000    0.82196   256.37599                 0.000      0.000   61808
       3109 12.95416666667    0.82194   256.37601                 0.000      0.000   61808
       3110 12.95833333333    0.82192   256.37603                 0.000      0.000   61808
       3111 12.96250000000    0.82189   256.37604                 0.000      0.000   61808
       3112 12.96666666667    0.82187   256.37606                 0.000      0.000   61808
       3113 12.97083333333    0.82184   256.37608                 0.000      0.000   61808
       3114 12.97500000000    0.82182   256.37610                 0.000      0.000   61808
       3115 12.97916666667    0.82180   256.37611                 0.000      0.000   61808
       3116 12.98333333333    0.82177   256.37613                 0.000      0.000   61808
       3117 12.98750000000    0.82175   256.37615                 0.000      0.000   61808
       3118 12.99166666667    0.82172   256.37616                 0.000      0.000   61808
       3119 12.99583333333    0.82170   256.37618                 0.000      0.000   61808
       3120 13.00000000000    0.82167   256.37620                 0.000      0.000   61808
       3121 13.00416666667    0.82165   256.37621                 0.000      0.000   61808
       3122 13.00833333333    0.82163   256.37623                 0.000      0.000   61808
       3123 13.01250000000    0.82160   256.37625                 0.000      0.000   61808
       3124 13.01666666667    0.82158   256.37626                 0.000      0.000   61808
       3125 13.02083333333    0.82155   256.37628                 0.000      0.000   61808
       3126 13.02500000000    0.82153   256.37630                 0.000      0.000   61808
       3127 13.02916666667    0.82150   256.37631                 0.000      0.000   61808
       3128 13.03333333333    0.82148   256.37633                 0.000      0.000   61808
       3129 13.03750000000    0.82145   256.37635                 0.000      0.000   61808
       3130 13.04166666667    0.82143   256.37637                 0.000      0.000   61808
       3131 13.04583333333    0.82140   256.37638                 0.000      0.000   61808
       3132 13.05000000000    0.82138   256.37640                 0.000      0.000   61808
       3133 13.05416666667    0.82135   256.37642                 0.000      0.000   61808
       3134 13.05833333333    0.82132   256.37643                 0.000      0.000   61808
       3135 13.06250000000    0.82130   256.37645                 0.000      0.000   61808
       3136 13.06666666667    0.82127   256.37646                 0.000      0.000   61808
       3137 13.07083333333    0.82125   256.37648                 0.000      0.000   61808
       3138 13.07500000000    0.82122   256.37650                 0.000      0.000   61808
       3139 13.07916666667    0.82120   256.37651                 0.000      0.000   61808
       3140 13.08333333333    0.82117   256.37653                 0.000      0.000   61808
       3141 13.08750000000    0.82114   256.37655                 0.000      0.000   61808
       3142 13.09166666667    0.82112   256.37656                 0.000      0.000   61808
       3143 13.09583333333    0.82109   256.37658                 0.000      0.000   61808
       3144 13.10000000000    0.82107   256.37660                 0.000      0.000   61808
       3145 13.10416666667    0.82104   256.37661                 0.000      0.000   61808
       3146 13.10833333333    0.82101   256.37663                 0.000      0.000   61808
       3147 13.11250000000    0.82099   256.37664                 0.000      0.000   61808
       3148 13.11666666667    0.82096   256.37666                 0.000      0.000   61808
       3149 13.12083333333    0.82094   256.37668                 0.000      0.000   61808
       3150 13.12500000000    0.82091   256.37669                 0.000      0.000   61808
       3151 13.12916666667    0.82088   256.37671                 0.000      0.000   61808
       3152 13.13333333333    0.82086   256.37673                 0.000      0.000   61808
       3153 13.13750000000    0.82083   256.37674                 0.000      0.000   61808
       3154 13.14166666667    0.82080   256.37676                 0.000      0.000   61808
       3155 13.14583333333    0.82078   256.37677                 0.000      0.000   61808
       3156 13.15000000000    0.82075   256.37679                 0.000      0.000   61808
       3157 13.15416666667    0.82072   256.37681                 0.000      0.000   61808
       3158 13.15833333333    0.82069   256.37682                 0.000      0.000   61808
       3159 13.16250000000    0.82067   256.37684                 0.000      0.000   61808
       3170 13.20833333333    0.82036   256.37701                 0.000      0.000   61809
       3171 13.21250000000    0.82033   256.37703                 0.000      0.000   61808
       3172 13.21666666667    0.82031   256.37705                 0.000      0.000   61808
       3173 13.22083333333    0.82028   256.37706                 0.000      0.000   61808
       3174 13.22500000000    0.82025   256.37708                 0.000      0.000   61808
       3175 13.22916666667    0.82022   256.37709                 0.000      0.000   61808
       3176 13.23333333333    0.82019   256.37711                 0.000      0.000   61808
       3177 13.23750000000    0.82017   256.37712                 0.000      0.000   61808
       3178 13.24166666667    0.82014   256.37714                 0.000      0.000   61808
       3179 13.24583333333    0.82011   256.37715                 0.000      0.000   61808
       3180 13.25000000000    0.82008   256.37717                 0.000      0.000   61808
       3181 13.25416666667    0.82005   256.37719                 0.000      0.000   61808
       3182 13.25833333333    0.82002   256.37720                 0.000      0.000   61808
       3183 13.26250000000    0.81999   256.37722                 0.000      0.000   61808
       3184 13.26666666667    0.81996   256.37723                 0.000      0.000   61808
       3185 13.27083333333    0.81994   256.37725                 0.000      0.000   61808
       3186 13.27500000000    0.81991   256.37726                 0.000      0.000   61808
       3187 13.27916666667    0.81988   256.37728                 0.000      0.000   61808
       3188 13.28333333333    0.81985   256.37729                 0.000      0.000   61808
       3189 13.28750000000    0.81982   256.37731                 0.000      0.000   61808
       3190 13.29166666667    0.81979   256.37733                 0.000      0.000   61808
       3191 13.29583333333    0.81976   256.37734                 0.000      0.000   61808
       3192 13.30000000000    0.81973   256.37736                 0.000      0.000   61808
       3193 13.30416666667    0.81970   256.37737                 0.000      0.000   61808
       3194 13.30833333333    0.81967   256.37739                 0.000      0.000   61808
       3195 13.31250000000    0.81964   256.37740                 0.000      0.000   61808
       3196 13.31666666667    0.81961   256.37742                 0.000      0.000   61808
       3197 13.32083333333    0.81958   256.37743                 0.000      0.000   61808
       3198 13.32500000000    0.81955   256.37745                 0.000      0.000   61808
       3199 13.32916666667    0.81952   256.37746                 0.000      0.000   61808
       3200 13.33333333333    0.81949   256.37748                 0.000      0.000   61808
       3201 13.33750000000    0.81946   256.37749                 0.000      0.000   61808
       3202 13.34166666667    0.81943   256.37751                 0.000      0.000   61808
       3203 13.34583333333    0.81940   256.37752                 0.000      0.000   61808
       3204 13.35000000000    0.81937   256.37754                 0.000      0.000   61808
       3205 13.35416666667    0.81934   256.37755                 0.000      0.000   61808
       3206 13.35833333333    0.81931   256.37757                 0.000      0.000   61808
       3207 13.36250000000    0.81928   256.37758                 0.000      0.000   61808
       3208 13.36666666667    0.81925   256.37760                 0.000      0.000   61808
       3214 13.39166666667    0.81906   256.37769                 0.000      0.000   61808
       3215 13.39583333333    0.81903   256.37770                 0.000      0.000   61808
       3216 13.40000000000    0.81900   256.37772                 0.000      0.000   61808
       3217 13.40416666667    0.81897   256.37773                 0.000      0.000   61808
       3218 13.40833333333    0.81894   256.37775                 0.000      0.000   61808
       3219 13.41250000000    0.81891   256.37776                 0.000      0.000   61808
       3220 13.41666666667    0.81888   256.37778                 0.000      0.000   61808
       3221 13.42083333333    0.81885   256.37779                 0.000      0.000   61808
       3222 13.42500000000    0.81882   256.37781                 0.000      0.000   61808
       3223 13.42916666667    0.81878   256.37782                 0.000      0.000   61808
       3224 13.43333333333    0.81875   256.37784                 0.000      0.000   61808
       3225 13.43750000000    0.81872   256.37785                 0.000      0.000   61808
       3226 13.44166666667    0.81869   256.37787                 0.000      0.000   61808
       3227 13.44583333333    0.81866   256.37788                 0.000      0.000   61808
       3228 13.45000000000    0.81862   256.37789                 0.000      0.000   61808
       3229 13.45416666667    0.81859   256.37791                 0.000      0.000   61808
       3230 13.45833333333    0.81856   256.37792                 0.000      0.000   61808
       3231 13.46250000000    0.81853   256.37794                 0.000      0.000   61808
       3232 13.46666666667    0.81850   256.37795                 0.000      0.000   61808
       3233 13.47083333333    0.81846   256.37797                 0.000      0.000   61808
       3234 13.47500000000    0.81843   256.37798                 0.000      0.000   61808
       3235 13.47916666667    0.81840   256.37800                 0.000      0.000   61808
       3236 13.48333333333    0.81837   256.37801                 0.000      0.000   61808
       3237 13.48750000000    0.81833   256.37803                 0.000      0.000   61808
       3238 13.49166666667    0.81830   256.37804                 0.000      0.000   61808
       3239 13.49583333333    0.81827   256.37805                 0.000      0.000   61808
       3240 13.50000000000    0.81824   256.37807                 0.000      0.000   61808
       3241 13.50416666667    0.81820   256.37808                 0.000      0.000   61808
       3242 13.50833333333    0.81817   256.37810                 0.000      0.000   61808
       3243 13.51250000000    0.81814   256.37811                 0.000      0.000   61808
       3244 13.51666666667    0.81810   256.37812                 0.000      0.000   61808
       3245 13.52083333333    0.81807   256.37814                 0.000      0.000   61808
       3246 13.52500000000    0.81804   256.37815                 0.000      0.000   61808
       3247 13.52916666667    0.81800   256.37817                 0.000      0.000   61808
       3248 13.53333333333    0.81797   256.37818                 0.000      0.000   61808
       3249 13.53750000000    0.81794   256.37820                 0.000      0.000   61808
       3250 13.54166666667    0.81790   256.37821                 0.000      0.000   61808
       3251 13.54583333333    0.81787   256.37822                 0.000      0.000   61808
       3252 13.55000000000    0.81784   256.37824                 0.000      0.000   61808
       3253 13.55416666667    0.81780   256.37825                 0.000      0.000   61808
       3254 13.55833333333    0.81777   256.37827                 0.000      0.000   61808
       3255 13.56250000000    0.81774   256.37828                 0.000      0.000   61808
       3256 13.56666666667    0.81770   256.37829                 0.000      0.000   61808
       3257 13.57083333333    0.81767   256.37831                 0.000      0.000   61808
       3258 13.57500000000    0.81763   256.37832                 0.000      0.000   61808
       3259 13.57916666667    0.81760   256.37834                 0.000      0.000   61808
       3260 13.58333333333    0.81757   256.37835                 0.000      0.000   61808
       3261 13.58750000000    0.81753   256.37836                 0.000      0.000   61808
       3262 13.59166666667    0.81750   256.37838                 0.000      0.000   61808
       3263 13.59583333333    0.81746   256.37839                 0.000      0.000   61808
       3264 13.60000000000    0.81743   256.37841                 0.000      0.000   61808
       3265 13.60416666667    0.81739   256.37842                 0.000      0.000   61808
       3266 13.60833333333    0.81736   256.37843                 0.000      0.000   61808
       3267 13.61250000000    0.81733   256.37845                 0.000      0.000   61808
       3268 13.61666666667    0.81729   256.37846                 0.000      0.000   61808
       3269 13.62083333333    0.81726   256.37847                 0.000      0.000   61808
       3270 13.62500000000    0.81722   256.37849                 0.000      0.000   61808
       3271 13.62916666667    0.81719   256.37850                 0.000      0.000   61808
       3272 13.63333333333    0.81715   256.37851                 0.000      0.000   61808
       3273 13.63750000000    0.81712   256.37853                 0.000      0.000   61808
       3274 13.64166666667    0.81708   256.37854                 0.000      0.000   61808
       3275 13.64583333333    0.81705   256.37856                 0.000      0.000   61808
       3276 13.65000000000    0.81701   256.37857                 0.000      0.000   61808
       3277 13.65416666667    0.81698   256.37858                 0.000      0.000   61808
       3278 13.65833333333    0.81694   256.37860                 0.000      0.000   61808
       3279 13.66250000000    0.81691   256.37861                 0.000      0.000   61808
       3280 13.66666666667    0.81687   256.37862                 0.000      0.000   61808
       3281 13.67083333333    0.81683   256.37864                 0.000      0.000   61808
       3282 13.67500000000    0.81680   256.37865                 0.000      0.000   61808
       3283 13.67916666667    0.81676   256.37866                 0.000      0.000   61808
       3284 13.68333333333    0.81673   256.37868                 0.000      0.000   61808
       3285 13.68750000000    0.81669   256.37869                 0.000      0.000   61808
       3286 13.69166666667    0.81666   256.37870                 0.000      0.000   61808
       3287 13.69583333333    0.81662   256.37872                 0.000      0.000   61808
       3288 13.70000000000    0.81658   256.37873                 0.000      0.000   61808
       3289 13.70416666667    0.81655   256.37874                 0.000      0.000   61808
       3290 13.70833333333    0.81651   256.37876                 0.000      0.000   61808
       3291 13.71250000000    0.81648   256.37877                 0.000      0.000   61808
       3292 13.71666666667    0.81644   256.37878                 0.000      0.000   61808
       3293 13.72083333333    0.81640   256.37880                 0.000      0.000   61808
       3294 13.72500000000    0.81637   256.37881                 0.000      0.000   61808
       3295 13.72916666667    0.81633   256.37882                 0.000      0.000   61808
       3296 13.73333333333    0.81629   256.37883                 0.000      0.000   61808
       3297 13.73750000000    0.81626   256.37885                 0.000      0.000   61808
       3298 13.74166666667    0.81622   256.37886                 0.000      0.000   61808
       3299 13.74583333333    0.81618   256.37887                 0.000      0.000   61808
       3300 13.75000000000    0.81615   256.37889                 0.000      0.000   61808
       3301 13.75416666667    0.81611   256.37890                 0.000      0.000   61808
       3302 13.75833333333    0.81607   256.37891                 0.000      0.000   61808
       3303 13.76250000000    0.81604   256.37893                 0.000      0.000   61808
       3304 13.76666666667    0.81600   256.37894                 0.000      0.000   61808
       3305 13.77083333333    0.81596   256.37895                 0.000      0.000   61808
       3306 13.77500000000    0.81592   256.37896                 0.000      0.000   61808
       3307 13.77916666667    0.81589   256.37898                 0.000      0.000   61808
       3308 13.78333333333    0.81585   256.37899                 0.000      0.000   61808
       3309 13.78750000000    0.81581   256.37900                 0.000      0.000   61808
       3310 13.79166666667    0.81578   256.37902                 0.000      0.000   61808
       3311 13.79583333333    0.81574   256.37903                 0.000      0.000   61808
       3312 13.80000000000    0.81570   256.37904                 0.000      0.000   61808
       3313 13.80416666667    0.81566   256.37905                 0.000      0.000   61808
       3314 13.80833333333    0.81563   256.37907                 0.000      0.000   61808
       3315 13.81250000000    0.81559   256.37908                 0.000      0.000   61808
       3316 13.81666666667    0.81555   256.37909                 0.000      0.000   61808
       3317 13.82083333333    0.81551   256.37910                 0.000      0.000   61808
       3318 13.82500000000    0.81547   256.37912                 0.000      0.000   61808
       3319 13.82916666667    0.81544   256.37913                 0.000      0.000   61808
       3320 13.83333333333    0.81540   256.37914                 0.000      0.000   61808
       3321 13.83750000000    0.81536   256.37916                 0.000      0.000   61808
       3322 13.84166666667    0.81532   256.37917                 0.000      0.000   61808
       3323 13.84583333333    0.81528   256.37918                 0.000      0.000   61808
       3324 13.85000000000    0.81525   256.37919                 0.000      0.000   61808
       3325 13.85416666667    0.81521   256.37920                 0.000      0.000   61808
       3326 13.85833333333    0.81517   256.37922                 0.000      0.000   61808
       3327 13.86250000000    0.81513   256.37923                 0.000      0.000   61808
       3328 13.86666666667    0.81509   256.37924                 0.000      0.000   61808
       3329 13.87083333333    0.81505   256.37925                 0.000      0.000   61808
       3330 13.87500000000    0.81501   256.37927                 0.000      0.000   61808
       3331 13.87916666667    0.81498   256.37928                 0.000      0.000   61808
       3332 13.88333333333    0.81494   256.37929                 0.000      0.000   61808
       3333 13.88750000000    0.81490   256.37930                 0.000      0.000   61808
       3334 13.89166666667    0.81486   256.37932                 0.000      0.000   61808
       3335 13.89583333333    0.81482   256.37933                 0.000      0.000   61808
       3336 13.90000000000    0.81478   256.37934                 0.000      0.000   61808
       3337 13.90416666667    0.81474   256.37935                 0.000      0.000   61808
       3338 13.90833333333    0.81470   256.37936                 0.000      0.000   61808
       3339 13.91250000000    0.81466   256.37938                 0.000      0.000   61808
       3346 13.94166666667    0.81439   256.37946                 0.000      0.000   61809
       3347 13.94583333333    0.81435   256.37947                 0.000      0.000   61808
       3348 13.95000000000    0.81431   256.37948                 0.000      0.000   61808
       3349 13.95416666667    0.81427   256.37950                 0.000      0.000   61808
       3350 13.95833333333    0.81423   256.37951                 0.000      0.000   61808
       3351 13.96250000000    0.81419   256.37952                 0.000      0.000   61808
       3352 13.96666666667    0.81415   256.37953                 0.000      0.000   61808
       3353 13.97083333333    0.81411   256.37954                 0.000      0.000   61808
       3354 13.97500000000    0.81407   256.37956                 0.000      0.000   61808
       3355 13.97916666667    0.81403   256.37957                 0.000      0.000   61808
       3356 13.98333333333    0.81398   256.37958                 0.000      0.000   61808
       3357 13.98750000000    0.81394   256.37959                 0.000      0.000   61808
       3358 13.99166666667    0.81390   256.37960                 0.000      0.000   61808
       3359 13.99583333333    0.81386   256.37961                 0.000      0.000   61808
       3360 14.00000000000    0.81382   256.37963                 0.000      0.000   61808
       3361 14.00416666667    0.81378   256.37964                 0.000      0.000   61808
       3362 14.00833333333    0.81374   256.37965                 0.000      0.000   61808
       3363 14.01250000000    0.81370   256.37966                 0.000      0.000   61808
       3364 14.01666666667    0.81366   256.37967                 0.000      0.000   61808
       3365 14.02083333333    0.81362   256.37968                 0.000      0.000   61808
       3366 14.02500000000    0.81358   256.37970                 0.000      0.000   61808
       3367 14.02916666667    0.81354   256.37971                 0.000      0.000   61808
       3368 14.03333333333    0.81349   256.37972                 0.000      0.000   61808
       3369 14.03750000000    0.81345   256.37973                 0.000      0.000   61808
       3370 14.04166666667    0.81341   256.37974                 0.000      0.000   61808
       3371 14.04583333333    0.81337   256.37975                 0.000      0.000   61808
       3372 14.05000000000    0.81333   256.37976                 0.000      0.000   61808
       3373 14.05416666667    0.81329   256.37978                 0.000      0.000   61808
       3374 14.05833333333    0.81325   256.37979                 0.000      0.000   61808
       3375 14.06250000000    0.81321   256.37980                 0.000      0.000   61808
       3376 14.06666666667    0.81316   256.37981                 0.000      0.000   61808
       3377 14.07083333333    0.81312   256.37982                 0.000      0.000   61808
       3378 14.07500000000    0.81308   256.37983                 0.000      0.000   61808
       3379 14.07916666667    0.81304   256.37984                 0.000      0.000   61808
       3380 14.08333333333    0.81300   256.37985                 0.000      0.000   61808
       3381 14.08750000000    0.81295   256.37987                 0.000      0.000   61808
       3382 14.09166666667    0.81291   256.37988                 0.000      0.000   61808
       3383 14.09583333333    0.81287   256.37989                 0.000      0.000   61808
       3384 14.10000000000    0.81283   256.37990                 0.000      0.000   61808
       3385 14.10416666667    0.81279   256.37991                 0.000      0.000   61808
       3386 14.10833333333    0.81274   256.37992                 0.000      0.000   61808
       3387 14.11250000000    0.81270   256.37993                 0.000      0.000   61808
       3388 14.11666666667    0.81266   256.37994                 0.000      0.000   61808
       3389 14.12083333333    0.81262   256.37995                 0.000      0.000   61808
       3390 14.12500000000    0.81257   256.37996                 0.000      0.000   61808
       3391 14.12916666667    0.81253   256.37998                 0.000      0.000   61808
       3392 14.13333333333    0.81249   256.37999                 0.000      0.000   61808
       3393 14.13750000000    0.81244   256.38000                 0.000      0.000   61808
       3394 14.14166666667    0.81240   256.38001                 0.000      0.000   61808
       3395 14.14583333333    0.81236   256.38002                 0.000      0.000   61808
       3396 14.15000000000    0.81232   256.38003                 0.000      0.000   61808
       3397 14.15416666667    0.81227   256.38004                 0.000      0.000   61808
       3398 14.15833333333    0.81223   256.38005                 0.000      0.000   61808
       3399 14.16250000000    0.81219   256.38006                 0.000      0.000   61808
       3400 14.16666666667    0.81214   256.38007                 0.000      0.000   61808
       3401 14.17083333333    0.81210   256.38008                 0.000      0.000   61808
       3402 14.17500000000    0.81206   256.38010                 0.000      0.000   61808
       3403 14.17916666667    0.81201   256.38011                 0.000      0.000   61808
       3404 14.18333333333    0.81197   256.38012                 0.000      0.000   61808
       3405 14.18750000000    0.81193   256.38013                 0.000      0.000   61808
       3406 14.19166666667    0.81188   256.38014                 0.000      0.000   61808
       3407 14.19583333333    0.81184   256.38015                 0.000      0.000   61808
       3408 14.20000000000    0.81180   256.38016                 0.000      0.000   61808
       3409 14.20416666667    0.81175   256.38017                 0.000      0.000   61808
       3410 14.20833333333    0.81171   256.38018                 0.000      0.000   61808
       3411 14.21250000000    0.81167   256.38019                 0.000      0.000   61808
       3412 14.21666666667    0.81162   256.38020                 0.000      0.000   61808
       3413 14.22083333333    0.81158   256.38021                 0.000      0.000   61808
       3414 14.22500000000    0.81153   256.38022                 0.000      0.000   61808
       3415 14.22916666667    0.81149   256.38023                 0.000      0.000   61808
       3416 14.23333333333    0.81145   256.38024                 0.000      0.000   61808
       3417 14.23750000000    0.81140   256.38025                 0.000      0.000   61808
       3418 14.24166666667    0.81136   256.38026                 0.000      0.000   61808
       3419 14.24583333333    0.81131   256.38027                 0.000      0.000   61808
       3420 14.25000000000    0.81127   256.38028                 0.000      0.000   61808
       3421 14.25416666667    0.81122   256.38029                 0.000      0.000   61808
       3422 14.25833333333    0.81118   256.38030                 0.000      0.000   61808
       3423 14.26250000000    0.81114   256.38031                 0.000      0.000   61808
       3424 14.26666666667    0.81109   256.38032                 0.000      0.000   61808
       3425 14.27083333333    0.81105   256.38034                 0.000      0.000   61808
       3426 14.27500000000    0.81100   256.38035                 0.000      0.000   61808
       3427 14.27916666667    0.81096   256.38036                 0.000      0.000   61808
       3428 14.28333333333    0.81091   256.38037                 0.000      0.000   61808
       3429 14.28750000000    0.81087   256.38038                 0.000      0.000   61808
       3430 14.29166666667    0.81082   256.38039                 0.000      0.000   61808
       3431 14.29583333333    0.81078   256.38040                 0.000      0.000   61808
       3432 14.30000000000    0.81073   256.38041                 0.000      0.000   61808
       3433 14.30416666667    0.81069   256.38042                 0.000      0.000   61808
       3434 14.30833333333    0.81064   256.38043                 0.000      0.000   61808
       3435 14.31250000000    0.81060   256.38044                 0.000      0.000   61808
       3436 14.31666666667    0.81055   256.38045                 0.000      0.000   61808
       3437 14.32083333333    0.81050   256.38046                 0.000      0.000   61808
       3438 14.32500000000    0.81046   256.38047                 0.000      0.000   61808
       3439 14.32916666667    0.81041   256.38048                 0.000      0.000   61808
       3440 14.33333333333    0.81037   256.38049                 0.000      0.000   61808
       3441 14.33750000000    0.81032   256.38050                 0.000      0.000   61808
       3442 14.34166666667    0.81028   256.38050                 0.000      0.000   61808
       3443 14.34583333333    0.81023   256.38051                 0.000      0.000   61808
       3444 14.35000000000    0.81019   256.38052                 0.000      0.000   61808
       3445 14.35416666667    0.81014   256.38053                 0.000      0.000   61808
       3446 14.35833333333    0.81009   256.38054                 0.000      0.000   61808
       3447 14.36250000000    0.81005   256.38055                 0.000      0.000   61808
       3448 14.36666666667    0.81000   256.38056                 0.000      0.000   61808
       3449 14.37083333333    0.80996   256.38057                 0.000      0.000   61808
       3450 14.37500000000    0.80991   256.38058                 0.000      0.000   61808
       3451 14.37916666667    0.80986   256.38059                 0.000      0.000   61808
       3452 14.38333333333    0.80982   256.38060                 0.000      0.000   61808
       3453 14.38750000000    0.80977   256.38061                 0.000      0.000   61808
       3454 14.39166666667    0.80972   256.38062                 0.000      0.000   61808
       3455 14.39583333333    0.80968   256.38063                 0.000      0.000   61808
       3456 14.40000000000    0.80963   256.38064                 0.000      0.000   61808
       3457 14.40416666667    0.80958   256.38065                 0.000      0.000   61808
       3458 14.40833333333    0.80954   256.38066                 0.000      0.000   61808
       3459 14.41250000000    0.80949   256.38067                 0.000      0.000   61808
       3460 14.41666666667    0.80944   256.38068                 0.000      0.000   61808
       3461 14.42083333333    0.80940   256.38069                 0.000      0.000   61808
       3462 14.42500000000    0.80935   256.38070                 0.000      0.000   61808
       3463 14.42916666667    0.80930   256.38071                 0.000      0.000   61808
       3464 14.43333333333    0.80926   256.38072                 0.000      0.000   61808
       3465 14.43750000000    0.80921   256.38072                 0.000      0.000   61808
       3466 14.44166666667    0.80916   256.38073                 0.000      0.000   61808
       3467 14.44583333333    0.80912   256.38074                 0.000      0.000   61808
       3468 14.45000000000    0.80907   256.38075                 0.000      0.000   61808
       3469 14.45416666667    0.80902   256.38076                 0.000      0.000   61808
       3470 14.45833333333    0.80897   256.38077                 0.000      0.000   61808
       3471 14.46250000000    0.80893   256.38078                 0.000      0.000   61808
       3472 14.46666666667    0.80888   256.38079                 0.000      0.000   61808
       3473 14.47083333333    0.80883   256.38080                 0.000      0.000   61808
       3474 14.47500000000    0.80878   256.38081                 0.000      0.000   61808
       3475 14.47916666667    0.80874   256.38082                 0.000      0.000   61808
       3476 14.48333333333    0.80869   256.38083                 0.000      0.000   61808
       3477 14.48750000000    0.80864   256.38083                 0.000      0.000   61808
       3478 14.49166666667    0.80859   256.38084                 0.000      0.000   61808
       3479 14.49583333333    0.80854   256.38085                 0.000      0.000   61808
       3480 14.50000000000    0.80850   256.38086                 0.000      0.000   61808
